COW ID 	Power Source	Shelter Type	Location	Latitude	Longitude	"Single Generator Capacity
KVA"	"Single Generator Working-hours
Hours"	"SEC Meter Capacity
Amp"	"Backup Generator Capacity
KVA"	"Backup Generator Working-hours
Hours"	"Rectifier Capacity
KW"	"AC1 Capacity
Btu/h"	"AC1 Age
Years"	"AC2 Capacity
Btu/h"	"AC2 Age
Years"	"Batteries Capacity
Ah"	"Number of Strings
Number"	"Batteries Age
Years"	"Avrage lead-acid Charge Rate  c-rate
A/Ah"	"Avrage Lithium  disCharge Rate  c-rate
A/Ah"	"Telecom Load All
KW"	"Telecom Load inside Shelter
KW"	"Telecom Load All
KW"	"Telecom load heat dissipation
KBtu/h"	"Prime Generator Net Power output
KW"	"Prime SEC Net Power Output
KW"	"Backup Generator Net Power Output
KW"	"Rectifier Net Power Output
KW"	"AC1 Net Cooling Capacity
KBtu/h"	"AC1 Net Power Demand
KW"	"AC2 Net Cooling Capacity
KBtu/h"	"AC2 Net Power Demand
KW"	"Batteries Strings MAX useful capacity
Ah"	"Batteries Strings MAX useful capacity
KWh"	"Batteries Strings MAX useful Time
Hours"	"Batteries Strings Max Charging Current
Amp"	"Batteries Strings Max Charging Power
KW"	"Batteris Strings Min Charing Time
Hours"	"Batteries Strings Max DisCharging Current
Amp"	Batteries Strings Max DisCharging PowerKW	"Batteris Strings Min DisCharing Time
Hours"	"Calculated Discharge Current
Amp"
CWN105	SB	Shelter	Arafat	21.35622	39.98477	0	0	150	30	0	18	36000		36000	0	200	3		0.5	0.8	8.4	3.6	12	12283.2	0	46.92	21	18	 29,880 	2.50	29880	2.50	300	15	1	225	1.44	1.3	60	3	5	240
CWN923	SG	Shelter	Arafat	21.361257	39.973944	30	3110	0	0	0	19.2	36000		36000		190	5		0.5	0.8	10.5	4.5	15	15354	20.66	0	0	19.2	 29,880 	2.50	29880	2.50	475	23.75	2	240	1.536	2.0	95	4.75	5	300
CWN991	SB	Shelter	Arafat	21.37224	39.93826	0	0	100	30	15578	19.2	48000		48000		200	4		0.5	0.8	8.4	3.6	12	12283.2	0	31.28	20	19.2	 39,840 	3.34	39840	3.34	400	20	2	240	1.536	1.7	80	4	5	240
CWN092	SG	Shelter	Arafat	21.333244	39.971526	30	25098	0	0	0	16	36000		36000		200	2		0.5	0.8	0	0	0	0	19.09	0	0	16	 29,880 	2.50	29880	2.50	200	10		200	1.28	1.0	40	2	5	0
CWN076	SG	Shelter	Arafat	21.3692	39.977127	30	18324	0	0	0	15	36000		36000		200	7		0.5	0.8	8.4	3.6	12	12283.2	19.57	0	0	15	 29,880 	2.50	29880	2.50	700	35	3	187.5	1.2	3.7	140	7	5	240
CWN108	SB	Shelter	Arafat	21.34916	39.98367	0	0	100	30	42885	18	36000		36000		200	3		0.5	0.8	8.4	3.6	12	12283.2	0	31.28	18	18	 29,880 	2.50	29880	2.50	300	15	1	225	1.44	1.3	60	3	5	240
CWN087	SB	Shelter	Arafat	21.35694	39.97782	0	0	70	35	0	21	36000		36000		190	4		0.5	0.8	8.4	3.6	12	12283.2	0	21.896	24	21	 29,880 	2.50	29880	2.50	380	19	2	262.5	1.68	1.4	76	3.8	5	240
CWN075	SB	Shelter	Arafat	21.346996	39.957369	0	0	100	35	1798	21.6	36000		36000		200	4		0.5	0.8	8.4	3.6	12	12283.2	0	31.28	24	21.6	 29,880 	2.50	29880	2.50	400	20	2	270	1.728	1.5	80	4	5	240
CWN072	SB	Shelter	Arafat	21.34196	39.97602	0	0	100	25	0	21.6	36000		36000		295	5		0.5	0.8	8.4	3.6	12	12283.2	0	31.28	17	21.6	 29,880 	2.50	29880	2.50	737.5	36.875	3	270	1.728	2.7	147.5	7.375	5	240
CWN078	SB	Shelter	Arafat	21.34051	39.99548	0	0	100	35	0	16.2	36000		36000		200	4		0.5	0.8	8.4	3.6	12	12283.2	0	31.28	24	16.2	 29,880 	2.50	29880	2.50	400	20	2	202.5	1.296	2.0	80	4	5	240
CWN080	SG	Shelter	Arafat	21.378152	39.990098	35	22058	0	0	0	21.6	36000		36000		190	4		0.5	0.8	0	0	0	0	22.52	0	0	21.6	 29,880 	2.50	29880	2.50	380	19		270	1.728	1.4	76	3.8	5	0
CWN084	SB	Shelter	Arafat	21.342528	39.962167	0	0	100	35	0	18.9	36000		36000		200	4		0.5	0.8	10.5	4.5	15	15354	0	31.28	24	18.9	 29,880 	2.50	29880	2.50	400	20	1	236.25	1.512	1.7	80	4	5	300
CWN085	SB	Shelter	Arafat	21.36681	39.96439	0	0	100	35	0	18	36000		36000		190	4		0.5	0.8	8.4	3.6	12	12283.2	0	31.28	24	18	 29,880 	2.50	29880	2.50	380	19	2	225	1.44	1.7	76	3.8	5	240
CWN073	SB	Shelter	Arafat	21.3738433	39.9865483	0	0	100	45	0	21.6	36000		36000		200	4		0.5	0.8	11.9	5.1	17	17401.2	0	31.28	31	21.6	 29,880 	2.50	29880	2.50	400	20	1	270	1.728	1.5	80	4	5	340
CWN093	SB	Shelter	Arafat	21.3568	39.93535	0	0	200	45	31766	21	36000		36000		200	8		0.5	0.8	10.5	4.5	15	15354	0	62.56	28	21	 29,880 	2.50	29880	2.50	800	40	3	262.5	1.68	3.0	160	8	5	300
CWN038	SG	Shelter	Arafat	21.328514	39.961343	30	1525	0	0	0	12.8	48000		48000		200	7		0.5	0.8	0	0	0	0	20.77	0	0	12.8	 39,840 	3.34	39840	3.34	700	35		160	1.024	4.4	140	7	5	0
CWN083	SG	Shelter	Arafat	21.331372	39.965547	35	6125	0	0	0	18	36000		36000		200	3		0.5	0.8	8.4	3.6	12	12283.2	23.85	0	0	18	 29,880 	2.50	29880	2.50	300	15	1	225	1.44	1.3	60	3	5	240
CWN908	0	Shelter	Arafat	21.365285	39.95051		0	0	0	0	0	0		0		0	0		0.5	0.8	0	0	0	0	0	0	0	0	 -   	0.00	0	0.00	0	0		0	0		0	0		0
CWN102	SB	Shelter	Arafat	21.35901	39.95689	0	0	100	45	11794	19.2	36000		36000		200	8		0.5	0.8	10.5	4.5	15	15354	0	31.28	30	19.2	 29,880 	2.50	29880	2.50	800	40	3	240	1.536	3.3	160	8	5	300
CWN206	SG	Outdoor	Muzdalifah	21.390274	39.928265	30	32553	0	0	0	24	10200		0		200	4		0.5	0.8	0	0	0	0	18.55	0	0	24	 8,466 	0.71	0	0.00	400	20		300	1.92	1.3	80	4	5	0
CWN956	SB	Outdoor	Arafat	21.3704107	39.9854222	0	0	100	30	0	15	10200		0		200	4		0.5	0.8	10.56	1.44	12	4913.28	0	31.28	21	15	 8,466 	0.71	0	0.00	400	20	2	187.5	1.2	2.1	80	4	5	240
CWN980	SB	Outdoor	Arafat	21.371837	39.985979	0	0	100	30	0	18	10200		0		200	4		0.5	0.8	10.56	1.44	12	4913.28	0	31.28	21	18	 8,466 	0.71	0	0.00	400	20	2	225	1.44	1.8	80	4	5	240
CWN951	SB	Outdoor	Arafat	21.36258	39.96906	0	0	100	30	0	15	10200		0		200	4		0.5	0.8	10.56	1.44	12	4913.28	0	31.28	21	15	 8,466 	0.71	0	0.00	400	20	2	187.5	1.2	2.1	80	4	5	240
CWN020	SB	Outdoor	Arafat	21.35047	39.96813	0	0	100	35	2350	24	10200		0		200	4		0.5	0.8	13.2	1.8	15	6141.6	0	31.28	24	24	 8,466 	0.71	0	0.00	400	20	1	300	1.92	1.3	80	4	5	300
CWN901	SG	Outdoor	Arafat	21.372652	39.989533	30	12495	0	0	0	18	10200		0		200	4		0.5	0.8	0	0	0	0	19.99	0	0	18	 8,466 	0.71	0	0.00	400	20		225	1.44	1.8	80	4	5	0
CWN203	SB	Outdoor	Arafat	21.354658	39.986218	0	0	100	35	0	24	10200		0		200	4		0.5	0.8	14.96	2.04	17	6960.48	0	31.28	24	24	 8,466 	0.71	0	0.00	400	20	1	300	1.92	1.3	80	4	5	340
CWN914	SB	Outdoor	Arafat	21.365421	39.971661	0	0	100	30	0	18	10200		0		200	4		0.5	0.8	10.56	1.44	12	4913.28	0	31.28	21	18	 8,466 	0.71	0	0.00	400	20	2	225	1.44	1.8	80	4	5	240
CWN015	SB	Outdoor	Arafat	21.377645	39.986816	0	0	100	30	0	18	10200		0		200	4		0.5	0.8	10.56	1.44	12	4913.28	0	31.28	21	18	 8,466 	0.71	0	0.00	400	20	2	225	1.44	1.8	80	4	5	240
CWN212	SB	Outdoor	Arafat	21.366124	39.984126	0	0	100	35	0	21	10200		0		200	4		0.5	0.8	13.2	1.8	15	6141.6	0	31.28	24	21	 8,466 	0.71	0	0.00	400	20	1	262.5	1.68	1.5	80	4	5	300
CWN992	SB	Outdoor	Muzdalifah	21.389249	39.906895	0	0	60	30	0	15	10200		0		190	4		0.5	0.8	10.56	1.44	12	4913.28	0	18.768	21	15	 8,466 	0.71	0	0.00	380	19	2	187.5	1.2	2.0	76	3.8	5	240
CWN205	SG	Outdoor	Muzdalifah	21.396241	39.914628	30	3492	0	0	0	24	10200		0		200	4		0.5	0.8	0	0	0	0	20.63	0	0	24	 8,466 	0.71	0	0.00	400	20		300	1.92	1.3	80	4	5	0
CWN960	SB	Outdoor	Arafat	21.347135	39.992573	0	0	100	45	918	21	10200		10200		200	4		0.5	0.8	10.56	1.44	12	4913.28	0	31.28	31	21	 8,466 	0.71	8466	0.71	400	20	2	262.5	1.68	1.5	80	4	5	240
CWN984	SG	Outdoor	Arafat	21.348754	39.995701	30	9331	0	0	0	18	10200		10200		190	4		0.5	0.8	10.56	1.44	12	4913.28	20.21	0	0	18	 8,466 	0.71	8466	0.71	380	19	2	225	1.44	1.7	76	3.8	5	240
CWN996	SG	Outdoor	Arafat	21.374231	39.980616	30	19356	0	0	0	15	10200		0		190	4		0.5	0.8	0	0	0	0	19.50	0	0	15	 8,466 	0.71	0	0.00	380	19		187.5	1.2	2.0	76	3.8	5	0
CWN906	SB	Outdoor	Arafat	21.37625	39.98233	0	0	100	30	0	18	10200		0		190	4		0.5	0.8	13.2	1.8	15	6141.6	0	31.28	21	18	 8,466 	0.71	0	0.00	380	19	1	225	1.44	1.7	76	3.8	5	300
CWN214	SB	Outdoor	Muzdalifah	21.39194	39.903738	0	0	100	35	5091	21	10200		10200		190	4		0.5	0.8	14.96	2.04	17	6960.48	0	31.28	24	21	 8,466 	0.71	8466	0.71	380	19	1	262.5	1.68	1.4	76	3.8	5	340
CWN903	SB	Outdoor	Arafat	21.359944	39.947977	0	0	100	45	8833	18	10200		10200		200	4		0.5	0.8	13.2	1.8	15	6141.6	0	31.28	30	18	 8,466 	0.71	8466	0.71	400	20	1	225	1.44	1.8	80	4	5	300
